2.534191611368816230e-16 1.039721363709412835e-17 -1.539053599767310456e-18 5.840822141965849624e-18 4.168090840635124152e-18 1.321408707857837992e-18 -1.050597547469846033e-18 -5.889572551451569736e-19 2.184107094484061023e-18 1.040732641290727108e-18
1.039721363709412835e-17 9.634189665844618853e-17 5.422758999897812596e-18 3.357880020231886555e-18 1.749683164670324615e-18 1.752220551709430408e-18 -2.305328589406659572e-18 -3.661843870202355392e-19 -7.883281500289381808e-19 -3.738912489459729442e-19
-1.539053599767310456e-18 5.422758999897812596e-18 4.871502095155431748e-17 5.158423246690290975e-18 2.801958280424966276e-20 2.223518303157719219e-18 9.703192044756638568e-20 1.267560131744156493e-18 5.243309006794231425e-19 9.717199127214504390e-19
5.840822141965849624e-18 3.357880020231886555e-18 5.158423246690290975e-18 2.990112838813234789e-17 9.656389264849591970e-19 4.554411020680619789e-19 9.351168655581515413e-19 9.696873775670621334e-19 5.615423655214777838e-19 1.283708238846606672e-18
4.168090840635124152e-18 1.749683164670324615e-18 2.801958280424966276e-20 9.656389264849591970e-19 2.261333890534207233e-17 9.983846274762220688e-19 1.616409452060071248e-18 3.910046062524195017e-19 6.666454350704354706e-19 7.901150132562703065e-19
1.321408707857837992e-18 1.752220551709430408e-18 2.223518303157719219e-18 4.554411020680619789e-19 9.983846274762220688e-19 2.297521292968386542e-17 2.080418640076245932e-18 4.827582869643306285e-20 2.910019659687379740e-19 6.817648055560274643e-19
-1.050597547469846033e-18 -2.305328589406659572e-18 9.703192044756638568e-20 9.351168655581515413e-19 1.616409452060071248e-18 2.080418640076245932e-18 1.559761938958670113e-17 9.347830107139155831e-19 7.319993932409608581e-19 7.875528709158268750e-19
-5.889572551451569736e-19 -3.661843870202355392e-19 1.267560131744156493e-18 9.696873775670621334e-19 3.910046062524195017e-19 4.827582869643306285e-20 9.347830107139155831e-19 1.043574656594753012e-17 5.594971393246599253e-19 1.115488079818213690e-18
2.184107094484061023e-18 -7.883281500289381808e-19 5.243309006794231425e-19 5.615423655214777838e-19 6.666454350704354706e-19 2.910019659687379740e-19 7.319993932409608581e-19 5.594971393246599253e-19 7.426283152729168281e-18 3.319845574589628435e-19
1.040732641290727108e-18 -3.738912489459729442e-19 9.717199127214504390e-19 1.283708238846606672e-18 7.901150132562703065e-19 6.817648055560274643e-19 7.875528709158268750e-19 1.115488079818213690e-18 3.319845574589628435e-19 6.759311662584707589e-18
