1.130588342468836444e-15 5.559248372813097963e-17 3.771555455263426762e-17 3.333897718721132217e-17 1.116603981410689316e-17 1.679344045290955667e-17 -4.316863244498065305e-18 1.062833400707927731e-17 3.531912771593762266e-18 3.340202915142159076e-18 2.552227397309437941e-18 7.802930485886967018e-19
5.559248372813097963e-17 5.440356919489292315e-16 5.232590671553075893e-17 5.751838238693711837e-18 2.376738751865955051e-17 1.356582546432709024e-17 1.171895472340921907e-17 6.319358290602145805e-18 6.366915209891273485e-18 6.843302454630444548e-18 6.967041032392176443e-19 -1.284830857392890027e-18
3.771555455263426762e-17 5.232590671553075893e-17 2.688310036195504983e-16 4.169483943752564848e-17 1.394795867928360084e-17 7.314499749589646333e-18 9.201709394097059846e-18 5.816824053902816699e-18 1.844619420968967366e-18 3.862132191633469390e-18 7.515170851937331873e-20 6.722651022983834661e-19
3.333897718721132217e-17 5.751838238693711837e-18 4.169483943752564848e-17 1.261915671893655321e-16 1.587319589441298471e-17 9.599297969902431613e-18 9.200405662422847715e-18 4.042053539452489851e-18 3.278849930736506912e-18 2.721433516804306755e-18 2.147082432606046308e-18 1.570179657023898447e-18
1.116603981410689316e-17 2.376738751865955051e-17 1.394795867928360084e-17 1.587319589441298471e-17 6.600298392813633473e-17 1.622713753181068495e-17 7.898834807443145022e-18 3.205668244641109088e-18 2.419398889009713595e-18 2.584510535930079974e-18 1.627326819063454183e-18 9.082626676960882330e-19
1.679344045290955667e-17 1.356582546432709024e-17 7.314499749589646333e-18 9.599297969902431613e-18 1.622713753181068495e-17 4.135970435107262186e-17 3.932275888787835985e-18 1.852016917659803068e-18 3.369949340699532474e-18 1.081799750332329825e-18 1.056376082103582970e-18 6.707226010550346738e-19
-4.316863244498065305e-18 1.171895472340921907e-17 9.201709394097059846e-18 9.200405662422847715e-18 7.898834807443145022e-18 3.932275888787835985e-18 1.919799745002154431e-17 2.243260434390649461e-18 1.298587961732624472e-18 1.657541867908248903e-18 7.393107084058621455e-19 1.033308837179410146e-18
1.062833400707927731e-17 6.319358290602145805e-18 5.816824053902816699e-18 4.042053539452489851e-18 3.205668244641109088e-18 1.852016917659803068e-18 2.243260434390649461e-18 8.571213742620126224e-18 1.131004524279664854e-18 9.862569010012943217e-19 4.556401767012644185e-19 2.124463936522526923e-19
3.531912771593762266e-18 6.366915209891273485e-18 1.844619420968967366e-18 3.278849930736506912e-18 2.419398889009713595e-18 3.369949340699532474e-18 1.298587961732624472e-18 1.131004524279664854e-18 4.887465555482241726e-18 5.592834958317453032e-19 4.411589110666244433e-19 4.474428085201330998e-19
3.340202915142159076e-18 6.843302454630444548e-18 3.862132191633469390e-18 2.721433516804306755e-18 2.584510535930079974e-18 1.081799750332329825e-18 1.657541867908248903e-18 9.862569010012943217e-19 5.592834958317453032e-19 3.081137142061082196e-18 2.231684021976761893e-19 1.057628976885857289e-19
2.552227397309437941e-18 6.967041032392176443e-19 7.515170851937331873e-20 2.147082432606046308e-18 1.627326819063454183e-18 1.056376082103582970e-18 7.393107084058621455e-19 4.556401767012644185e-19 4.411589110666244433e-19 2.231684021976761893e-19 2.165250515755084780e-18 2.981072778232263953e-19
7.802930485886967018e-19 -1.284830857392890027e-18 6.722651022983834661e-19 1.570179657023898447e-18 9.082626676960882330e-19 6.707226010550346738e-19 1.033308837179410146e-18 2.124463936522526923e-19 4.474428085201330998e-19 1.057628976885857289e-19 2.981072778232263953e-19 1.801505589189916660e-18
