3.147394827265637693e-05 6.255112640899523315e-06 -1.900703660820907495e-05 -1.900330026493939165e-05 -8.459907019750989643e-09 -9.190499531112438635e-09
6.255112640899523315e-06 6.680265896920339766e-05 -1.269595847724488008e-08 -8.162650593357029463e-09 -2.942140693159038864e-05 -2.940296907239652746e-05
-1.900703660820907495e-05 -1.269595847724488008e-08 3.757188224728474609e-05 1.900936737362658645e-05 4.662446015462807858e-09 2.573042659123240972e-09
-1.900330026493939165e-05 -8.162650593357029463e-09 1.900936737362658645e-05 6.231517973245865466e-05 1.119594299283684568e-08 1.386644911415119659e-08
-8.459907019750989643e-09 -2.942140693159038864e-05 4.662446015462807858e-09 1.119594299283684568e-08 6.808936458296523586e-05 2.942550142110982684e-05
-9.190499531112438635e-09 -2.940296907239652746e-05 2.573042659123240972e-09 1.386644911415119659e-08 2.942550142110982684e-05 2.487745665822542040e-04
