3.054436387670134081e+03 -6.703215972205035200e+01 4.305717417321731944e+01 4.919478597525094443e+01 3.709082293731777469e+01 2.598198350447773208e+01 2.407867223493887820e+01 1.950253455324909524e+01 1.257719955634753184e+01 9.987146736106661038e+00 1.109767217367056347e+01 9.631366924680127894e+00 1.223017667362275951e+01 8.982251104877480685e+00 8.478594435261564755e+00 7.674690146755720477e+00 9.178262743333208462e+00 7.003802226101982775e+00 9.239069326659965498e+00 6.553799674889515536e+00 6.873075766683101051e+00 5.317263074939813983e+00 5.224051515547859736e+00 5.049238011613464749e+00 6.487330417562996665e+00 4.916005086456343598e+00 4.871678060494559759e+00 4.604795875130975880e+00 4.335391564224646999e+00 4.156482263824600842e+00 3.594918694517473590e+00 2.815209559797190675e+00 2.737718339638052445e+00 2.294049284121364884e+00 1.840910159999447293e+00 1.485499765119878024e+00 1.187171254805783782e+00 7.254744242413055932e-01 4.764996963109880412e-01 2.049541304795797214e-01 1.580712283319690437e-01 9.358903605189160257e-02 1.099833955430414983e-01 1.421063500921505018e-01 1.435503203782247938e-01 1.569288669115835511e+01 -9.610146643807486733e-01 -2.137544319898454503e+00 -2.439004721799545194e+00 -1.651088034293636264e+00 -2.262087072141589772e-01 1.092009608789630493e+00 1.076777055374920966e+00 -2.719455184879595588e-01 -9.445036262941556293e-01 -4.948399989970125312e-01 -1.711057217732031011e-01 -6.410368471883802488e-02 1.151570761156741063e-01 -5.296244863981414142e-01 -2.252795522443840903e-01 -4.702512664576868340e-01 -3.724356219764251574e-01 1.050119647932769296e-01 2.076444081745478787e-01 -1.909706531375910399e-01 -1.534408557285313057e-01 -1.705464806434370539e-01 -2.116898268081415513e-01 -1.379577324265376104e-01 -1.065619413496386447e-01 -9.592211008588707663e-03 -3.576812876523475290e-03 -1.567697522119423925e-01 -1.967552810792814466e-01 -2.792367153461304194e-02 -9.206547202774176264e-02 -1.096582582165503417e-01 -9.563546315153946542e-02 -5.118808592011751119e-02 -4.501652812456331462e-03 -6.938539639591034813e-02 -9.453792205447526104e-03 -4.186905528478713362e-02 -3.346575325070785117e-02 4.858863627433041010e-03 2.618567882076970957e-02 7.780235804822906165e-02 -2.096317302020271958e-02 8.151201540871794160e-02 4.777964611121437999e-01 7.767559374813431949e-01 8.174411233723559711e-01 4.488623859735215715e-01 3.624633682311758642e-01 2.303318998072769186e-01 4.020872654156377735e-01 5.810350954748203511e-01 6.824929552019198820e-01 5.566667215499235821e-01 3.022385965643926697e-01 1.803355707701233823e-01 2.175834201196309159e-01 3.073844257456659346e-01 4.640050247903484415e-01 3.275283503313578537e-01 2.515512172680417491e-01 2.020034555612032490e-01 2.450065012590775804e-01 2.665004508276251904e-01 3.056078113026374776e-01 2.904157136672860240e-01 2.819227765635589078e-01 1.895595845796461676e-01 1.567272525206543088e-01 1.634486489771208584e-01 1.985076175864240178e-01 1.737686728840520112e-01 1.320893500071052551e-01 1.071784425347738628e-01 7.444185742864910249e-02 8.327847055736041504e-02 8.072431882802208469e-02 5.172713628043549422e-02 3.367208417685844252e-02 1.073135771632920121e-01 1.181061958720060721e-02 -2.458752921861125443e-02 3.303730561399562636e-03 5.567603540494811543e-02 -5.035254109859529925e-02 -7.007023276113755195e-02 9.897869939897713243e-02 5.164686576884843644e-03 3.914217784595750566e-02
-6.703215972205035200e+01 1.994750511495599312e+03 -4.340482781247087019e+01 3.422124755472081858e+01 3.148497986027393480e+01 2.627287136263758782e+01 1.935661395692731190e+01 1.790503910666701515e+01 9.022556275122976643e+00 8.723615083126299297e+00 9.985633403731997149e+00 1.282449989154007319e+01 7.886160547881651439e+00 8.315076130879219818e+00 9.284153463813018092e+00 5.998526675711465472e+00 8.608413104194893251e+00 9.247175498684242712e+00 7.403548162362193708e+00 7.100227109035505357e+00 5.123847990788677365e+00 5.348611442924480208e+00 5.141620444066469453e+00 5.719059454869090509e+00 5.306719077689271202e+00 4.419141983021390274e+00 3.508021779479761459e+00 4.330097231867997110e+00 3.707668623181298084e+00 3.898748955461099008e+00 3.219428551031989105e+00 2.700446191450064148e+00 2.740476481683395971e+00 2.342908367618699472e+00 2.098446850234706229e+00 1.724886101608560596e+00 1.496390579742817195e+00 1.195559828325047924e+00 8.831439636412654615e-01 7.607470073643148867e-01 6.673192187938712383e-01 5.601761125623531123e-01 6.278672799979496677e-01 5.070236673935278882e-01 3.607482981510525266e-01 2.311863252485355069e+00 -9.069512432766329013e+00 9.755795419087462950e-01 -1.788461147333593848e+00 -1.381000336914234294e+00 -1.448631918882213598e-01 7.885827886279164201e-01 4.004042584623918044e-01 -1.444387555103897325e-01 -6.573055586227085634e-01 -6.133974360455091146e-01 -2.655002578569653493e-01 1.814514772315484539e-02 -1.084626449342525056e-01 -2.087554983704195677e-01 -3.852319571185312541e-01 -6.178785868060807651e-01 -3.046332193274839395e-01 -2.100021992216442174e-02 6.324611145047614492e-03 -1.002561299673647155e-01 -2.284295864961853606e-01 -1.523879277717738179e-01 -1.730586110639789066e-01 -9.379100259794782846e-02 -1.277640605442848520e-01 -7.951117485630876391e-02 -2.505342722036670855e-01 -8.029443115066824121e-02 -1.929604076995697637e-01 -8.249034755758631599e-03 -1.163531994586358836e-01 -7.454087349526025696e-02 -8.836887083134227494e-02 -2.855818755382217092e-02 -8.245513478013484152e-03 -9.584597443967444660e-03 -2.049281297973278362e-02 1.786557164075662507e-02 1.278207342088893625e-02 -3.524820428400334688e-02 -6.578264361382521463e-02 5.505081693417376854e-02 1.134598561095900154e-01 -1.700829475541598135e-01 3.496713003815355991e-01 8.156454800411155892e-01 5.433853583880267069e-01 4.462797691236240483e-01 2.545874498349294246e-01 1.869639463214287645e-01 3.254519704451313555e-01 4.326455514874107400e-01 4.645254103858691419e-01 4.193781511839483334e-01 2.917947817726050941e-01 1.206397112312611458e-01 2.310655126748001609e-01 2.913381753410262398e-01 3.761084400592069610e-01 2.900592475541672322e-01 2.222532699986587423e-01 1.633159328397580934e-01 1.660169443370983489e-01 1.942932204897711568e-01 2.723498344332838106e-01 2.346186464823021289e-01 2.011711031786269088e-01 8.147952230559231401e-02 7.613185441708551771e-02 9.583632402986654031e-02 1.312219354896884405e-01 1.411855332519608430e-01 1.131198004633799936e-01 7.297923907990654102e-02 5.354417515420552970e-02 3.907413743562735547e-02 4.836779686612225487e-02 1.582664582602896428e-02 5.104792273097297217e-02 1.648630905224426901e-02 -4.312357007716738008e-03 1.825436916589242425e-02 1.179509726206601043e-02 2.725035724373501764e-02 -9.989226100462790525e-02 1.995490925549909048e-02 1.956155485431492758e-01 8.183544349316779210e-02 1.573265639704216068e-01
4.305717417321731944e+01 -4.340482781247087019e+01 1.591852666297989117e+03 -3.302542553354871302e+01 2.966321922266969580e+01 2.328333966466537319e+01 1.676563712442618481e+01 1.337697831194234332e+01 1.094248206787109012e+01 9.852510940657870364e+00 9.779454773895135844e+00 8.760866795520335870e+00 9.304956677124565090e+00 7.813254612587063441e+00 7.478344467037689292e+00 7.300280054814933806e+00 9.638446302906682917e+00 6.888407483034689527e+00 6.386007523455798918e+00 5.632826699045805796e+00 5.616651167727489735e+00 5.291232984552476815e+00 5.217989459227181825e+00 4.661142455036992871e+00 5.783975183817550381e+00 4.353882297605172980e+00 3.758270962214556032e+00 3.988996614285032827e+00 3.743577471184875716e+00 3.579096291885650594e+00 2.936386197907350670e+00 2.647255115052153496e+00 2.521002804817973786e+00 2.354900368941494904e+00 1.941024265096263690e+00 1.627306520028338088e+00 1.381117724972190430e+00 1.082968268661803846e+00 8.378962056732608410e-01 6.884826896474927072e-01 5.654175984518629017e-01 4.924590665859073235e-01 5.259639309645101068e-01 4.681807821350285614e-01 2.708162124678324956e-01 8.293140299952980188e-01 1.199682913885568469e+00 -3.878298158735556456e+01 7.576684769757540128e-01 -3.345975445951159255e-01 4.903718482654716437e-01 7.275605813924312937e-01 1.613653425196888702e-01 -1.147872334130008443e-01 -4.792083450806597922e-01 -4.702043638678162774e-01 -1.736039483849907417e-01 1.305329485027804381e-01 -1.870526596333188796e-01 -2.673980940960740682e-01 -5.563249980647082538e-01 -4.809604979317081419e-01 -2.526644177175583761e-01 5.214006062599738783e-02 -9.590025965762663529e-02 -1.931770509808674319e-01 -2.768172519528536157e-01 -2.251366985547371691e-01 -2.354048739968199466e-01 -1.000435002589525613e-01 -9.918244019726732419e-02 -1.113436659979974014e-01 -1.046848866772994435e-01 -1.018080676575862931e-01 -9.758583633989065254e-02 -5.620549863866024926e-02 -9.276528517101911842e-02 -8.993595995235517671e-02 -5.705305677186838648e-02 -2.189529768054391048e-02 -3.260750032215674332e-02 -2.508398511935796063e-02 -2.247120290536405718e-02 -1.173203523235126673e-02 -5.952411095669182979e-03 9.215356054089256579e-03 -8.446368881295096900e-03 -1.270402046915045380e-01 2.249770720086127340e-03 -1.026295390793179052e-01 3.753962216162484711e-01 5.230624561179977317e-01 1.433392911342923348e+00 2.624894870638184718e-01 1.724603920011484604e-01 1.875278060937686231e-01 3.731624744289036566e-01 4.965805641209889987e-01 4.647861982329779540e-01 3.948169112865126951e-01 2.261933027150584696e-01 1.552797195091610571e-01 2.260168205733053548e-01 2.909981486824485541e-01 3.345313507977995537e-01 2.702814795430382722e-01 1.889844116902802129e-01 1.103199750964224957e-01 1.446560568544561776e-01 2.099419862802838210e-01 1.856796791269809677e-01 2.112033978916050270e-01 1.468484863373741012e-01 1.374792587153925161e-01 9.595233087814505901e-02 1.412450582809458843e-01 1.679984765304309291e-01 9.195557347662945691e-02 4.719765958505260650e-02 1.032581303649759558e-01 7.231477391424076528e-02 2.993518156747279613e-02 3.605185500106004165e-02 -3.532449563817865665e-03 3.306658184280678731e-02 1.512086791596047725e-02 -1.962772683551817013e-02 -1.303576116636583071e-02 1.873555881529061174e-03 -5.905987896724132491e-02 -6.538258472908110852e-02 -1.402831146553608077e-01 -1.335291935838585874e-02 1.034400419929668198e-02 2.166158912846936069e-01
4.919478597525094443e+01 3.422124755472081858e+01 -3.302542553354871302e+01 1.485961514790247065e+03 -1.329611811809753164e+01 2.938334889798730032e+01 2.646493117554760488e+01 1.649369764261288651e+01 1.080408233700961951e+01 1.077271072694944820e+01 1.205639130669786674e+01 1.240479763615509690e+01 8.689761683894241528e+00 8.705855821394340666e+00 9.402255759546568115e+00 1.034409944758307098e+01 9.851104594057192188e+00 9.254807562852910507e+00 8.151066256169396951e+00 6.568705562259420816e+00 6.560735170184783804e+00 6.379383965183610172e+00 6.176264977171772586e+00 6.430101936494652115e+00 5.459616752327232980e+00 5.051879347401971643e+00 4.574024366311503442e+00 4.664823320498385328e+00 4.329243221808407149e+00 4.291109391274849472e+00 3.789214718017678063e+00 3.356240470684921817e+00 3.378529933223088921e+00 2.666147304182682642e+00 2.493712721152837375e+00 2.106217159487159041e+00 1.824952367298163791e+00 1.538826167119048183e+00 1.234810580210919051e+00 1.040107387120395188e+00 8.857442111164151033e-01 7.603268313887150409e-01 7.127281598381031147e-01 5.683052838859821154e-01 5.718296511338305521e-01 2.655142857524629973e-01 -8.682809953794773383e-01 6.726373689206707751e-02 -5.703506767118064147e+01 4.969196583058884675e-01 3.511850170635176082e-03 9.239523972425743858e-01 2.447129177640695874e-02 -3.145025463666001331e-01 -7.365402916959280510e-01 -4.892888988035550835e-01 -2.028388397256641607e-01 3.578399309571134168e-01 1.274766807082154951e-01 -4.495917664781771683e-01 -4.779366563195897033e-01 -3.919624444628773130e-01 -2.039768642746311034e-01 -5.019799423143902865e-03 7.920544330469039829e-02 -1.210880753471368920e-01 -2.254708317607149459e-01 -2.586000420289155111e-01 -1.211541409478104764e-01 -3.207168069731475973e-02 1.359853381936469881e-02 -1.244554443585681042e-01 -1.297800755785623594e-01 -1.683039867673079004e-01 -1.139344886628601144e-01 2.634895327231160950e-03 -9.236420662110612911e-02 -1.054593321129017047e-01 -4.817283174232258464e-02 -5.840272084658806873e-02 -7.779253011021700082e-02 -5.142600110392508972e-02 -7.731068559700788982e-03 6.681450815992522919e-03 1.881704578342627970e-02 -7.170917599043563628e-02 1.571852340101875453e-02 -3.337524586270642496e-02 7.765078531229695213e-02 1.764275046322325013e-01 4.130017689284163351e-01 6.483697667231853590e-01 5.772230923906901401e-01 2.745004908182852255e+00 1.689576907359424951e-01 2.166085079172681560e-01 3.684910649398917548e-01 5.133665491198232678e-01 6.173351448095232286e-01 4.996309431166029991e-01 2.280532353771108911e-01 1.808948317210080647e-01 2.885298939030895293e-01 4.291539178566514123e-01 4.409238832707830236e-01 3.145991959800010784e-01 2.523842867406453916e-01 1.370074624262705987e-01 2.398227731846644117e-01 2.843623757567901311e-01 3.226288253450659282e-01 2.262534117889895557e-01 2.072889376561095343e-01 1.108296664955317340e-01 1.230987052056416453e-01 1.149749706841039221e-01 1.467958708006484314e-01 1.756676108904552669e-01 1.122717647182417816e-01 9.371676409335634450e-02 1.069632718073164068e-01 7.327332541125486376e-02 2.105815746415279702e-02 8.233991668916457174e-02 5.012320089013373725e-02 3.257264397320143966e-03 7.258182543809849757e-03 -8.039479153048083304e-03 -1.578316235596689127e-02 -8.636786911764332553e-02 -6.632137977064037071e-03 1.032166439370103411e-01 -1.304106095140093458e-01 -5.281776241039964209e-02 2.794314291400500361e-01
3.709082293731777469e+01 3.148497986027393480e+01 2.966321922266969580e+01 -1.329611811809753164e+01 1.047041575783836606e+03 -6.952662325286010692e+00 2.482500318802894412e+01 1.849149172233348892e+01 1.125139562718475972e+01 1.144370134845944520e+01 1.303877659677170975e+01 1.376020991283551709e+01 1.102299861969689410e+01 8.633554026540153359e+00 9.493951875307272914e+00 9.956021998407088347e+00 1.037910263042851966e+01 9.890401314305462321e+00 9.398910244061619679e+00 8.448599298217448705e+00 7.282320439572214532e+00 6.756393561945459147e+00 6.945208762748796616e+00 7.076909025556881616e+00 6.524524046676632771e+00 6.465364201267374433e+00 5.646374198370080144e+00 5.298919888938297795e+00 5.233345701943742156e+00 5.403822488052441919e+00 4.541831829829996003e+00 4.153043788670288450e+00 4.034346519973387224e+00 3.569464590490377454e+00 3.225858457773854937e+00 2.797171225905985992e+00 2.476236851698854213e+00 2.139147284983726749e+00 1.802708020179002446e+00 1.552471891742343901e+00 1.332144208727841894e+00 1.219244435606928079e+00 1.056485902663464760e+00 9.078083752294298092e-01 6.763416560358103125e-01 1.607566323110020956e-01 -1.698197972289441637e-01 -6.250357491339716409e-01 9.852661295027460575e-01 -2.780460986944352442e+01 8.887175539246073841e-01 1.013839281452450169e+00 2.163657956442681107e-01 -2.475182589263535404e-01 -6.146718490712542726e-01 -6.059766218552357087e-01 -1.840642912111120910e-01 -1.187815347005735829e-02 -1.134788863979546841e-01 -3.982664850247895627e-01 -5.826071656696807377e-01 -3.332851286518012102e-01 -3.504826150560316211e-01 1.046742087271294863e-01 -2.541309075199716522e-02 -3.987602681518235409e-02 -3.015540452175365926e-01 -3.771110544701598011e-01 -2.531090770935419676e-01 -1.003673035825137089e-01 -6.678258294998433431e-02 -1.144424898176111816e-01 -2.540810024651442567e-01 -1.737932700032082667e-01 -1.900192963381305555e-01 -2.588530857244542363e-02 -1.110555940680394288e-01 -8.711395779941162598e-02 -9.858311147837431343e-02 -7.064012355470725146e-02 -3.835923727183948584e-02 -7.451478837341127259e-02 -2.257677676833963476e-02 -3.410121888770718812e-02 -5.324873919229695940e-02 -5.106541275352148579e-02 -4.767164302709010065e-02 -7.236483616518649131e-02 -1.106283047560524535e-02 -1.486454344781380776e-01 3.010656384631504312e-01 4.346588820816057464e-01 4.168107640222511456e-01 1.595557122110633219e-01 9.692064624747426249e-01 1.719652413099823640e-01 3.582878991095482801e-01 5.347538976830779056e-01 5.478234868015895431e-01 4.030797762739928292e-01 2.487165105551427391e-01 1.536894743034022404e-01 2.403288829500628832e-01 3.050341435352973973e-01 3.915973298548567350e-01 3.159697577564667959e-01 1.830984737907296600e-01 1.578599098655857347e-01 1.673434868147731236e-01 2.036623020592195910e-01 2.371120438041875167e-01 2.351881426224167737e-01 1.750516841354120001e-01 1.151379026178687009e-01 7.137225940075413166e-02 1.166643899436889259e-01 1.336207537901282494e-01 1.591194555655225384e-01 1.223304963424519248e-01 8.684955927168629131e-02 7.124455665299145313e-02 1.065090283558034617e-01 4.297352331786243734e-02 -1.919032399734303153e-03 4.985865656041420929e-02 2.684310922885459888e-02 2.016645235039861081e-02 -7.983925522771401261e-04 2.190807989009522713e-02 -3.176195046301311803e-02 -1.415302305162062166e-02 -6.854963683791291673e-02 3.669822085031616138e-02 1.198707229507212924e-01 -9.498475008651392770e-02
2.598198350447773208e+01 2.627287136263758782e+01 2.328333966466537319e+01 2.938334889798730032e+01 -6.952662325286010692e+00 9.020945042466590849e+02 -7.888819623911158985e+00 1.833508274416361061e+01 1.201020618607740786e+01 1.260899094910366180e+01 1.173995144545890312e+01 1.248040095557404783e+01 1.206629576989943509e+01 1.038795894082396210e+01 8.172387224142587669e+00 9.229687571480299724e+00 9.089921723341845450e+00 1.043672305534223455e+01 9.627519877850939878e+00 8.473903642267197611e+00 7.326920055316526792e+00 6.952404461861796392e+00 6.915030892855043909e+00 6.681405378564251762e+00 6.313367604837244684e+00 6.120241037860344235e+00 5.173930822742401681e+00 5.262526446404721447e+00 5.419773497162063691e+00 4.975772984333556970e+00 4.524646895368264587e+00 3.847765786269439658e+00 3.687575492533055055e+00 3.395178873364352423e+00 3.006119613079111019e+00 2.577411240421237260e+00 2.295827230647399908e+00 1.877091934890392277e+00 1.551269928778464591e+00 1.295743830258015983e+00 1.146377212198257611e+00 1.007011349340867445e+00 8.634954409747050974e-01 7.057364733634643450e-01 5.894432702976493132e-01 8.754564987600773618e-01 -3.290183982165703069e-01 -1.149466351401360997e+00 -2.024559206673295364e+00 -5.570272933982458596e-01 -1.043065052151628674e-01 1.357257785940841899e-01 5.320542773931432601e-01 -5.407071262999692957e-02 -4.738158933964440322e-01 -4.643972145651444894e-01 -3.854914716434662547e-01 1.982452955934357330e-01 -6.556117203247147085e-02 -8.744184298758413132e-02 -5.139397868795554380e-01 -4.805370231024121419e-01 -1.659900928960343358e-01 -6.157074112299926877e-02 1.333324113631316477e-01 -3.727109610346110435e-02 -2.426397792064196868e-01 -2.698510168317384550e-01 -1.921946201538559662e-01 -1.511812028957505993e-01 -5.490064822609011519e-02 5.977218811245681163e-02 -9.262211693631325349e-02 -2.631014819179244291e-01 -1.694263828222376256e-01 -5.093031842401487402e-02 -9.204183191078051107e-02 -9.639301646120716771e-02 -4.355546281658684987e-02 -4.627499899102523184e-02 -4.397122291006633210e-02 -2.511180101340150170e-02 -2.969852754420940211e-02 -2.534311202171980575e-03 4.208082587328368590e-04 -9.293749844041809122e-03 -3.143719807641279923e-02 -1.339941348760982365e-01 3.947650639662885624e-02 -1.053723043747833710e-01 2.384358177994913841e-01 3.818245481700885957e-01 5.302271651592171953e-01 3.233420577591085698e-01 2.269760336845680904e-01 3.421728817544608114e-01 2.371524461727763933e-01 5.049331238111272047e-01 4.519042352951016528e-01 4.019301993287379138e-01 2.198684588976943521e-01 1.334633563441305626e-01 1.935897520316454401e-01 3.046114400913089715e-01 2.784921355962912126e-01 3.029059304747821479e-01 2.361408273584381934e-01 1.449353041314317692e-01 1.412125976872399269e-01 1.848889704566679115e-01 2.689465723602072478e-01 2.697823921790595270e-01 2.146997348064666467e-01 7.666180145435834425e-02 7.339520007270176893e-02 1.149509348775184930e-01 9.842600948240805281e-02 1.467413394203403720e-01 8.734188727651304163e-02 5.900225923536975975e-02 5.419373781839417759e-02 8.683151966729878157e-02 1.741726338451877673e-02 -1.042986785676854565e-02 4.429404196096459190e-02 1.000671675575649441e-02 -3.315609589658276291e-02 -2.437982757152192675e-02 -3.743010482358469226e-02 6.650335117151492774e-03 1.955805854139283997e-02 7.124770448683605262e-02 -2.925870044033206108e-02 -4.942106097443752649e-02 -2.353530051441980186e-01
2.407867223493887820e+01 1.935661395692731190e+01 1.676563712442618481e+01 2.646493117554760488e+01 2.482500318802894412e+01 -7.888819623911158985e+00 5.544499654856288089e+02 -1.061824015831495549e+00 1.018661382260238391e+01 9.296343029290651927e+00 9.863380369651142843e+00 9.119024976069711741e+00 1.068877820214484409e+01 9.438145221438187349e+00 9.056760433219162465e+00 8.189192111808665686e+00 8.626870073985040577e+00 8.280556107383238995e+00 7.698324169699945152e+00 7.494862404865678229e+00 6.827432560232555403e+00 5.960450120169004329e+00 5.702867993845388561e+00 6.261042820596159686e+00 6.046200458108646814e+00 5.917270786639463154e+00 5.163779856575168026e+00 4.646916807936012361e+00 4.600756117077637875e+00 4.597020857300923247e+00 4.261963747215989251e+00 3.773326039203122040e+00 3.523446540056871523e+00 3.373413317678592094e+00 2.996683766455845888e+00 2.722578223291511001e+00 2.432681360122352032e+00 2.114077999891616155e+00 1.846038386805097797e+00 1.589951779696316958e+00 1.389288313861676949e+00 1.278951483637676745e+00 1.026803126482786821e+00 9.077500163294398572e-01 6.683631219498762377e-01 3.626219902869314282e-01 1.762480037809011912e-01 -3.655504287209512260e-01 -1.151617513577345431e+00 -9.764931902388698237e-01 -7.989568139258340640e-01 1.300354421881898048e+01 8.531064448154040969e-02 6.931927140283317135e-02 -3.336635524761223937e-01 -7.334415467479270534e-01 -4.433575714610992202e-01 -3.457761804742721934e-02 9.082681391191743669e-02 -3.018075692835433740e-02 -2.918769647805120604e-01 -4.891463070748431896e-01 -3.429022657389330098e-01 -1.907843588736743978e-01 1.380558223027494591e-01 2.900585947867661066e-02 -1.021584411599688880e-01 -1.974170528440154504e-01 -1.953895098201437475e-01 -1.393153436202052842e-01 -1.254265741645531340e-02 9.134008749764116128e-03 -6.250616068337137843e-02 -1.592377689107678795e-01 -1.145607201541354592e-01 -2.968800317075625736e-02 -5.970133576912368956e-02 -9.860864179871021984e-02 -7.233673158717313090e-02 -5.618541617718682962e-02 -2.476058324155411966e-02 -3.755287075891464155e-02 -2.225076573196529614e-02 -1.942440497307327402e-02 -1.637009440203061536e-02 -2.853937181775582574e-02 -4.097824585757595117e-02 -4.753153698754146450e-02 1.456618330818036829e-02 -6.347291394814072452e-02 1.706769975327437627e-01 2.918335637178993136e-01 3.550833460197973523e-01 2.927513773358880189e-01 1.858596226663454809e-01 1.298274722713212981e-01 4.732864822853797837e-01 3.100575004801431889e-01 4.459315847121571030e-01 3.795742878804650444e-01 2.767834573203801773e-01 1.138085154048538439e-01 1.336956799916793337e-01 2.368616838931586754e-01 2.647754444465871826e-01 2.379220104643081646e-01 2.134648340558711332e-01 1.191713468156953837e-01 1.031461494813449564e-01 1.353468037855155293e-01 1.824476092008591455e-01 2.141336733976774154e-01 1.579565744799262261e-01 8.257360811129578482e-02 7.948539961415140853e-02 6.552723406529738226e-02 7.383299869521355030e-02 1.103429595890098175e-01 1.108284066379041227e-01 7.111879252445420241e-02 4.496488970215124781e-02 4.630038664513334151e-02 3.176064965845559057e-02 -4.097414395371768922e-03 1.451055994966372886e-02 2.294886325040854103e-02 3.695052796564297914e-02 5.083418131436521527e-03 -1.227841755592321005e-02 -1.451434391280104208e-02 4.407428493525889120e-03 1.076316959024250760e-03 3.488103346758299195e-02 -1.182490937997217155e-02 6.151308185153040592e-02
1.950253455324909524e+01 1.790503910666701515e+01 1.337697831194234332e+01 1.649369764261288651e+01 1.849149172233348892e+01 1.833508274416361061e+01 -1.061824015831495549e+00 3.077289362269481217e+02 2.030272841332861677e+00 7.641991759895033098e+00 8.166075420449741884e+00 8.344140757542582776e+00 8.824388392008289728e+00 7.359407315212755485e+00 6.577350937553761767e+00 5.993515669764288845e+00 6.026276427326522800e+00 6.596338063359021398e+00 6.484351945752280244e+00 6.278796635690936156e+00 5.948467184133970242e+00 4.849442839857016629e+00 5.022410971478902475e+00 5.005740859102646212e+00 5.180367718235448393e+00 4.873171249740421374e+00 4.326179722327043287e+00 4.071676259885002480e+00 4.048291250510801298e+00 3.941006282093405311e+00 3.751566485758947689e+00 3.373237616689641616e+00 3.100997043227135208e+00 3.010908914851658125e+00 2.716714169903597043e+00 2.472068849523322509e+00 2.209571789470551106e+00 1.969409874414504324e+00 1.740379399456012832e+00 1.556171527920691577e+00 1.364996349018943844e+00 1.224251173868625475e+00 1.055285320968548657e+00 9.224844085671826122e-01 7.295576112233876920e-01 -6.770717817679608452e-02 -2.623201378156482799e-01 -6.637700865813830342e-01 -8.668567656788805920e-01 -7.285404002380909683e-01 -2.336220826306869836e-01 -2.869421229728371658e-01 7.183063677895977328e+00 3.371002925121138749e-02 -3.107006721270411109e-01 -4.487403958071637389e-01 -2.980808557582818041e-01 -1.165235605236627919e-01 4.245819106984234648e-02 7.068074120995092302e-02 -1.669907025747544294e-01 -3.323496197357432291e-01 -3.157560123083926751e-01 -1.000927983297161677e-01 5.377226995518067515e-02 -9.058171018118064619e-03 -4.829167941863544283e-02 -1.876858353753268482e-01 -1.679532610054106923e-01 -1.969753531610475283e-01 -6.795920702586562279e-02 1.612348337197768572e-02 -9.675970305486342182e-02 -9.351653835132257842e-02 -1.341023337924065750e-01 -4.602707775854703032e-02 -4.090622010794040669e-02 -7.742581015708760450e-02 -2.780294344297959408e-02 -3.420748922441275292e-02 -2.091168950501759785e-02 -2.406004565421547212e-02 -3.227040938575653772e-02 -1.990012262450869054e-02 -2.803084011397936892e-02 -3.878866843296300410e-02 -3.691557361248502811e-02 -4.799962195135186460e-02 -6.530822150846220253e-02 -4.363227340018289990e-02 8.633736415565469724e-02 2.122464149917855647e-01 2.651881702781203609e-01 2.171622283208089477e-01 1.377805030424458510e-01 9.477497521761885091e-02 1.197611258134438222e-01 3.251534288569999376e-01 2.992415908868949481e-01 2.740891252467440031e-01 1.992776067874084400e-01 9.004269146368769350e-02 8.464873222740867953e-02 1.456256744273921877e-01 1.867585050453052231e-01 2.131916878970175344e-01 1.596876275808213341e-01 8.981099231594037724e-02 6.809020057818991611e-02 9.138989954898948942e-02 1.498240320450033025e-01 1.567279996843599643e-01 1.443584513785753642e-01 8.195107689253033900e-02 5.649225148604679336e-02 6.479150787878579232e-02 3.738617983622367913e-02 9.057674362381622213e-02 7.338557846751764258e-02 5.186464545243046204e-02 2.037398173473241661e-02 4.528292534654083240e-02 2.114820151088089850e-02 2.000599656990040623e-02 2.463177735705272299e-03 -1.407840279701635163e-03 -1.752724406343990349e-02 -4.133267960940570536e-03 -2.357663760492215155e-02 -1.708442177919232202e-03 -2.236140158420053467e-02 -1.906215503237954773e-02 -8.823589691554768744e-02 -2.375021221825566325e-02 -1.137878235607526628e-01
1.257719955634753184e+01 9.022556275122976643e+00 1.094248206787109012e+01 1.080408233700961951e+01 1.125139562718475972e+01 1.201020618607740786e+01 1.018661382260238391e+01 2.030272841332861677e+00 1.418643609804717585e+02 1.351825058921528377e+00 7.587750729112047843e+00 6.924422288300218220e+00 6.412399344931283274e+00 6.102629805266736263e+00 5.748904987756868756e+00 5.267594279061996509e+00 5.893495721422621791e+00 5.371066346527740620e+00 5.044053032075423992e+00 4.910054031371487326e+00 4.590390712540523666e+00 4.207701224388976868e+00 3.959700693870576327e+00 3.998785403901006230e+00 3.807763168904803930e+00 3.702452783851934104e+00 3.561730276391416261e+00 3.492035680798946551e+00 3.196887118039824394e+00 3.120320879813855974e+00 3.016519639016424836e+00 2.703510401636222138e+00 2.575286260539713545e+00 2.502558113469399714e+00 2.312625776841955361e+00 2.132533373056087367e+00 1.982050475167070891e+00 1.792450437410540998e+00 1.608383806622333489e+00 1.435540116607179728e+00 1.282026086178455815e+00 1.135175764720105285e+00 9.676550018255123398e-01 7.765617184873394585e-01 6.414795501789793963e-01 3.861257783440983360e-01 3.664299277539182637e-02 -1.667815207327587312e-01 -5.564976996192276815e-01 -3.584276631115347334e-01 -7.732938227477206827e-02 1.827997920033952728e-01 1.851461169350646363e-01 -2.661419966683955529e+00 1.105262292493082166e-01 -2.838056658939131505e-01 -1.037732841830806690e-01 3.603571306663822232e-03 -2.093019046260528870e-02 -6.753329714974587450e-02 -1.439073464494144416e-01 -1.689746239903944236e-01 -1.393579787376815204e-01 -5.698462419723053507e-02 3.213123982690294089e-02 -2.321116115841471983e-02 -5.392798208477190408e-02 -7.667708889920238358e-02 -9.729329897803183635e-02 -4.924338261240918113e-02 -3.414969261374295462e-02 -4.236301479583443053e-02 -2.042931475511821499e-02 -4.090513670794050996e-03 -5.253381384877799792e-02 -2.872319110435127970e-02 -1.929066056894283149e-02 -3.081572219077904559e-02 -1.859097298801627024e-02 -2.292666169068578383e-02 -8.319014321461400477e-03 -8.254817873630859726e-03 -5.364251037771208472e-03 -1.327446109190833987e-02 -7.918465950275486304e-03 -2.168895452749537711e-02 -2.823137266909155410e-02 -1.843162050586846096e-02 -2.555453659390848845e-03 1.725801462917493992e-02 9.434590453368731089e-02 1.415597576620537257e-01 1.209551847250101564e-01 1.051502897525749131e-01 8.613970460043414434e-02 6.527047691955002728e-02 9.427309210259419980e-02 1.470039849210642846e-01 2.694587340643663231e-01 1.257410712587526125e-01 1.047759367936172692e-01 6.094531182156506799e-02 7.188621450916501954e-02 7.900233117423255402e-02 1.207230067524161093e-01 1.037372436952641169e-01 9.081469594715119165e-02 5.573332117311711326e-02 5.725256137723443856e-02 6.415480680846327721e-02 7.775975533740503431e-02 7.974944763899310951e-02 6.156965341223057109e-02 2.780315177322637693e-02 3.309956435559128357e-02 2.073686891579491418e-02 1.845202981739180528e-02 3.872151006335235179e-02 2.080216813197897918e-02 2.234902574725195976e-02 2.621695699472070817e-02 2.588812692743992783e-02 1.421219417693060996e-02 1.095123241276990640e-04 8.456615306375351096e-03 -6.105117532120447714e-03 2.725360545258940018e-03 5.939600351972440300e-04 -1.824108154911042654e-02 -2.207531477430912936e-02 -1.268114366611607091e-02 2.501911702529498877e-02 -4.394807452271997511e-02 8.167216412215784482e-02 1.385347928587438160e-02
9.987146736106661038e+00 8.723615083126299297e+00 9.852510940657870364e+00 1.077271072694944820e+01 1.144370134845944520e+01 1.260899094910366180e+01 9.296343029290651927e+00 7.641991759895033098e+00 1.351825058921528377e+00 1.382759945950064377e+02 1.575240681912809526e+00 6.970628198672081055e+00 6.014283245367622044e+00 6.049874886885509895e+00 5.551373957335162146e+00 5.666547841669530960e+00 6.054284777802823037e+00 5.358551247953729835e+00 4.968624604014371116e+00 4.417502265864063915e+00 4.372523494628092422e+00 4.243360497899007377e+00 4.165493022784835020e+00 4.204021536502671630e+00 3.682893026859394681e+00 3.555761500681343890e+00 3.359322448323692090e+00 3.388187798254722605e+00 3.375540552452788834e+00 3.119037389227918400e+00 2.980785906546339348e+00 2.785611709817495729e+00 2.660034894904465652e+00 2.504561038601603951e+00 2.381042353565824055e+00 2.184777818335598809e+00 2.030753620158081141e+00 1.850368175619210076e+00 1.668438789610994233e+00 1.506473603244672166e+00 1.333812906327034087e+00 1.190307229238029230e+00 1.023005199568828960e+00 8.182719015855033362e-01 6.452884900105165800e-01 1.020940875294291811e-01 -2.355473050566412596e-01 -6.682251283776846629e-01 -5.444903187133399713e-01 -5.668739476561550639e-01 -2.102807600413426903e-01 2.152751379655917230e-01 5.418095623663437416e-02 1.324976488717885259e-01 -8.015054669088918615e+00 2.004400487136072939e-01 -9.494360258048092915e-02 -1.000931818555161022e-02 -4.847445739744409010e-02 -1.677399710436170421e-01 -2.066200269092866859e-01 -1.465873962518361440e-01 -1.034806852245344772e-01 4.816343676077426694e-02 3.642273676301915962e-04 -5.501943017986034301e-02 -1.052365068313473179e-01 -8.209281190021440466e-02 -7.992563699063584548e-02 -1.757148618334076345e-02 -3.375386440970138541e-02 -5.134703710520038822e-02 -5.721186887623532641e-02 -5.018822733411047732e-02 -4.231536165162581853e-02 -2.499428859852991305e-02 -2.849821155470570397e-02 -2.870010123515519262e-02 -8.765348177961696657e-03 -1.277194317764062878e-02 -2.007500964694081472e-02 -1.654582638630452962e-02 -1.111067089466869461e-02 -1.315923487269270165e-02 -3.399968130274005299e-03 -4.027553628624466059e-02 -3.397515776623404732e-02 -2.272726707170700036e-02 -5.522545435267862263e-02 -4.267753115356259785e-02 8.437043373776087485e-02 1.226043442720919641e-01 1.599766808104876592e-01 8.708395051294687272e-02 6.583431240405877849e-02 6.482443865661745297e-02 1.026399732019112887e-01 1.413160489773118145e-01 1.467027580850841229e-01 5.939373673751080496e-01 6.275379611704121063e-02 5.702892775331640934e-02 7.961800569663024518e-02 1.214423743210229639e-01 1.220255393891596929e-01 1.013601297877342738e-01 6.615740825342504572e-02 5.295724652721715831e-02 6.726699401659901045e-02 6.700517983688800139e-02 7.488302628135083683e-02 6.417624179756765967e-02 5.085439084005981963e-02 2.754447727580866881e-02 2.682533710343374539e-02 3.660524010165626396e-02 4.382516181549114820e-02 3.468180552826134744e-02 2.866212257483536155e-02 9.794335960021502765e-03 2.578074026970253105e-02 2.203091386865006773e-02 3.752643490072649947e-03 4.625668373665828628e-03 1.719022106800367419e-02 9.076806275277337147e-03 -4.008883565418066945e-03 -1.650055798843370891e-02 -1.431410314732936258e-03 -1.264376786085649393e-02 -3.029112499641899159e-02 -3.337978210031899984e-02 -2.019309889096415622e-02 3.200327246472186443e-02 -5.029037785975583319e-03
1.109767217367056347e+01 9.985633403731997149e+00 9.779454773895135844e+00 1.205639130669786674e+01 1.303877659677170975e+01 1.173995144545890312e+01 9.863380369651142843e+00 8.166075420449741884e+00 7.587750729112047843e+00 1.575240681912809526e+00 1.583436425119376736e+02 7.424877694939721051e-01 7.185010635847832283e+00 6.216455518978960981e+00 6.107337371174217822e+00 5.920252409954421147e+00 6.356200961899304502e+00 5.659825156901495902e+00 5.177296420514547748e+00 4.723568683794190370e+00 4.332928287120230593e+00 4.164244126746604380e+00 4.330143312089282936e+00 4.299653537660384828e+00 4.071695458630363085e+00 4.070079862728000819e+00 3.522990710253200763e+00 3.531200849906295236e+00 3.614965220278279379e+00 3.493639635029097690e+00 3.176251888825020853e+00 2.947050678287285841e+00 2.852380016008527974e+00 2.706577183046057655e+00 2.526816383725466686e+00 2.377674096022575956e+00 2.254696755341297543e+00 2.040537931236701130e+00 1.864037993952425865e+00 1.665344201366184773e+00 1.512057008453863371e+00 1.358752666596827474e+00 1.164005124159640747e+00 9.347137077739755551e-01 7.319805543688204796e-01 1.019703529846259643e-01 -1.761393548067773374e-01 -3.175674580705298844e-01 -2.695921214536484700e-01 -2.046787303757207077e-01 1.620790419530200310e-01 2.372033904245739733e-01 8.815709707744766310e-02 -1.700855743694415501e-01 8.521479855253954669e-03 -7.932754683382300165e+00 2.354521133554095258e-01 2.807943424465286775e-02 -7.030002051787116735e-02 -1.803311598836633278e-01 -2.418196762281200340e-01 -2.147790322687004316e-01 -8.429789254809512411e-02 8.091461155355286761e-02 1.707716119799137719e-02 -4.290709819451624107e-02 -9.367715105945581544e-02 -1.477277411349922631e-01 -1.058524870349327601e-01 1.544645374600260405e-03 -2.024959523283893087e-02 -3.092896831326740967e-02 -8.883980281428877079e-02 -8.563052276892899051e-02 -4.333220736446789095e-02 -1.029526965671172418e-02 -3.713598198083593871e-02 -3.378963422718039150e-02 -2.180947466459129055e-02 -1.981302791997867352e-02 -1.187231446735457704e-02 -8.447749088143620064e-03 -1.174639759132964020e-02 -1.514500324522019895e-02 -6.598162088499869189e-03 -1.468715196819804329e-02 -2.125024271000397827e-02 -1.793006645260824053e-02 -1.906352101636868759e-02 -3.263756846245731424e-02 9.478504773523557803e-02 1.365119013604352283e-01 1.316609602419812897e-01 7.728654317734266754e-02 5.649280083769576966e-02 6.269535418517492575e-02 1.111076704800318532e-01 1.819625822632402190e-01 2.102012679244538995e-01 1.294254913159156584e-01 4.613627578290316333e-01 5.287237963686731296e-02 9.693193848014954039e-02 1.191560787507268127e-01 1.305898541074047015e-01 1.158065936789727107e-01 6.296114394846973050e-02 5.177297726936067740e-02 6.214343205300094236e-02 8.665037166997607843e-02 9.572273500261285761e-02 8.056885920903492093e-02 5.391224023745713745e-02 2.740226829736378336e-02 2.571917553356264582e-02 3.498890618706854139e-02 5.163735418011928396e-02 4.162258671142278488e-02 2.809341237281886769e-02 2.189690224705614571e-02 3.419253859351070041e-02 1.363047296169581438e-02 1.224917840613700890e-02 1.778859157604431064e-03 2.955961790242986071e-03 -1.070501172768248757e-02 -2.053810831425542313e-02 -1.629319814648855919e-02 -1.098002658395015770e-02 -2.042555289495320489e-02 -4.402072190407828323e-02 -2.955737670476342102e-02 -5.272638225834119091e-02 -1.756481172546657185e-02 -4.504218091029674187e-02
