# SPT-3G 2018 TT/TE/EE Tcal/Ecal Covariance Matrix.
# 90, 150, 220
3.102899E-05 1.247063E-05 1.247063E-05 6.250000E-06 6.250000E-06 6.250000E-06
1.247063E-05 3.147625E-05 1.247063E-05 6.250000E-06 6.250000E-06 6.250000E-06
1.247063E-05 1.247063E-05 5.577352E-05 6.250000E-06 6.250000E-06 6.250000E-06
6.250000E-06 6.250000E-06 6.250000E-06 7.604345E-05 3.739474E-05 3.739474E-05
6.250000E-06 6.250000E-06 6.250000E-06 3.739474E-05 6.680581E-05 3.739474E-05
6.250000E-06 6.250000E-06 6.250000E-06 3.739474E-05 3.739474E-05 2.566854E-04
